grid T=13 H=20 W=36   target='yellow carrot'   mask area=0.0306
reference (mask-supervised model): blocks 12/16 ratio 37.7/46.0 entropy 0.705/0.676, others ~1.0
 kind block     ratio  entropy  mass_in peak_in
 text     0     1.001   0.9923   0.0306     0.0
 text     1     1.142   0.9920   0.0348     0.0
 text     2     0.967   0.9822   0.0297     0.0
 text     3     0.940   0.9791   0.0289     0.0
 text     4     1.023   0.9855   0.0313     0.0
 text     5     0.989   0.9916   0.0303     0.0
 text     6     1.085   0.9920   0.0331     0.0
 text     7     1.017   0.9823   0.0311     0.0
 text     8     0.933   0.9912   0.0286     0.0
 text     9     1.014   0.9913   0.0310     0.0
 text    10     1.100   0.9909   0.0336     0.0
 text    11     1.092   0.9916   0.0334     0.0
 text    12     0.966   0.9800   0.0296     0.0
 text    13     0.999   0.9827   0.0306     0.0
 text    14     1.047   0.9911   0.0320     0.0
 text    15     1.063   0.9797   0.0325     1.0
 text    16     1.019   0.9797   0.0312     0.0
 text    17     1.097   0.9822   0.0335     0.0
 text    18     0.951   0.9854   0.0292     0.0
 text    19     1.023   0.9846   0.0313     0.0
 text    20     0.981   0.9895   0.0301     0.0
 text    21     0.957   0.9909   0.0293     0.0
 text    22     1.077   0.9907   0.0329     0.0
 text    23     0.990   0.9882   0.0303     0.0
 text    24     1.001   0.9902   0.0306     0.0
 text    25     1.001   0.9805   0.0307     0.0
 text    26     1.098   0.9905   0.0335     0.0
 text    27     1.049   0.9911   0.0321     0.0
 plan     0     1.007   0.9931   0.0318     0.0
 plan     1     0.987   0.9965   0.0312     0.0
 plan     2     1.001   0.9943   0.0317     0.0
 plan     3     1.000   0.9927   0.0316     0.0
 plan     4     1.004   0.9923   0.0317     0.0
 plan     5     0.994   0.9948   0.0314     0.0
 plan     6     1.009   0.9935   0.0319     0.0
 plan     7     0.953   0.9942   0.0302     0.0
 plan     8     0.957   0.9929   0.0303     0.0
 plan     9     1.019   0.9907   0.0322     0.0
 plan    10     1.003   0.9935   0.0317     0.0
 plan    11     0.994   0.9951   0.0314     0.0
 plan    12     0.866   0.9931   0.0275     0.0
 plan    13     0.999   0.9947   0.0316     0.0
 plan    14     1.001   0.9931   0.0317     0.0
 plan    15     0.957   0.9932   0.0303     0.0
 plan    16     1.001   0.9940   0.0317     0.0
 plan    17     0.994   0.9951   0.0314     0.0
 plan    18     0.992   0.9946   0.0313     0.0
 plan    19     0.968   0.9896   0.0307     0.0
 plan    20     0.944   0.9954   0.0299     0.0
 plan    21     0.952   0.9935   0.0301     0.0
 plan    22     0.990   0.9960   0.0313     0.0
 plan    23     0.994   0.9954   0.0314     0.0
 plan    24     0.960   0.9931   0.0304     0.0
 plan    25     0.910   0.9938   0.0289     0.0
 plan    26     0.828   0.9922   0.0263     0.0
 plan    27     0.964   0.9915   0.0305     0.0

BEST text: block 1, inside/outside ratio 1.142
BEST plan: block 9, inside/outside ratio 1.019
